2.444505573141163790e+00
1.198062870420258719e+00
4.654543120285560276e-01
1.428326179241311833e-01
1.205696632122171402e-01
2.539727046571929048e-01
3.984903795965786810e-01
4.717359871699892127e-01
4.671944453798491104e-01
4.056464622760641014e-01
3.156381804367591748e-01
2.231861509125808163e-01
1.444157830600080739e-01
8.718942444899986655e-02
5.341994844633957129e-02
4.060114827649347058e-02
4.350346532361260704e-02
5.599519137678474895e-02
7.202486498602504728e-02
8.557962877997037088e-02
9.397709287446120996e-02
9.490796450910897464e-02
8.864488272831358429e-02
7.776510304418103592e-02
6.317581966005522687e-02
4.864937025925208935e-02
3.653866340374124777e-02
2.809667258427060721e-02
2.380311406891921430e-02
2.356604872078731094e-02
2.632904381587587717e-02
3.061403734930630283e-02
3.463539583929654136e-02
3.732906210011449621e-02
3.821390086206896686e-02
3.717257072185647937e-02
3.428465744544719612e-02
3.070925350846915453e-02
2.696189058238062514e-02
2.381048202514648299e-02
2.155745769369191156e-02
2.039088874027646797e-02
2.022687813331340914e-02
2.084051329514076054e-02
2.180335932764513804e-02
2.269427694123366673e-02
2.331006609160324664e-02
2.331388407740099533e-02
2.287978303843531125e-02
2.202498008464944673e-02
