2.518178742507408141e-01
1.660943561422413950e+01
3.885557569306472003e-02
3.231436630775188362e-02
2.568406072156182579e-02
2.747122994784651287e-02
2.259440257631499180e-02
2.333124917128990422e-02
2.072783503039129713e-02
2.168689431815311666e-02
1.948255341628502002e-02
1.980863932905526162e-02
1.775323275862069131e-02
1.726606138821305814e-02
1.657338142395019601e-02
1.673278479740537492e-02
1.592928787757610584e-02
1.606609081399851952e-02
1.525414401087267675e-02
1.509677459453714378e-02
1.441572616840230969e-02
1.422383374181286977e-02
1.362525759072139367e-02
1.333831096517628691e-02
1.301575858017493988e-02
1.291771921618231449e-02
1.272557357261920770e-02
1.272091043406519371e-02
1.273203553824589149e-02
1.286572916754360855e-02
