4.985729875235722086e-01
7.681638099407327225e+00
8.601185371135842972e-02
2.397605139633704821e-02
2.600308780012459617e-02
1.980181069209657752e-02
1.942270870866446772e-02
1.662963998728785031e-02
1.581947556857405193e-02
1.484810072800208866e-02
1.444351919766130067e-02
1.406338297087570723e-02
1.392425997503872644e-02
1.363179108192180689e-02
1.363609248194201304e-02
1.335964449520768774e-02
1.333708352056042941e-02
1.309058090736126001e-02
1.317154621255808844e-02
1.294246377616093020e-02
1.291169955812651593e-02
1.254235958230906500e-02
1.243839921622440746e-02
1.211125357397671402e-02
1.197724835626010238e-02
1.170943852128653734e-02
1.162428362616177262e-02
1.141983558391702555e-02
1.135103866971772305e-02
1.120153542222647805e-02
1.112913263255152149e-02
1.098156961901434504e-02
1.093408650365369078e-02
1.078684905479694242e-02
1.074043717877618161e-02
1.064278668370740102e-02
1.061454723621236933e-02
1.052922380381617062e-02
1.054034150879958574e-02
1.049232647336762608e-02
1.056389562014875723e-02
1.045186355196196445e-02
1.054041796717150418e-02
1.042812117214860640e-02
1.050198489222033300e-02
1.029726061327704105e-02
1.029586791992187500e-02
1.007408602484341324e-02
1.006263535598228738e-02
9.888224766172211758e-03
