9.105459279027477981e-01
3.909487494106950178e-01
1.057587196087015069e-01
2.062412952554636830e-02
7.228127841291756561e-02
1.634634478338833630e-01
2.160729770002693950e-01
2.127340908708243439e-01
1.692955017089843861e-01
1.122952165274784531e-01
6.196706048373518128e-02
2.924846780711206837e-02
1.721413711021686430e-02
2.220510943182583616e-02
3.694716157584354566e-02
5.349918233937230733e-02
6.549683932600350311e-02
6.948153397132610098e-02
6.556057107859644684e-02
5.549320352488550795e-02
4.225405331315665314e-02
2.970603416705953556e-02
2.001643016420561610e-02
1.474062492107522902e-02
1.382629131448680042e-02
1.635105856533708088e-02
2.056282635392813959e-02
2.486665002230940141e-02
2.755442816635658015e-02
2.790914075127963467e-02
2.626156642519194423e-02
2.287250222830936736e-02
1.888412442700616173e-02
1.524264730256179312e-02
1.272370157570674488e-02
1.157729214635388679e-02
1.171245246097959297e-02
1.271747227372794359e-02
1.405185502150963113e-02
1.512690905866951804e-02
1.562950857754411352e-02
1.536312925404515785e-02
1.448098873269969104e-02
1.326316307330953695e-02
1.197707077552532390e-02
1.093530326054014019e-02
1.036236039523420749e-02
1.024792934286183378e-02
1.047838145288927832e-02
1.087831957586880317e-02
