9.882183732657597031e-02
5.305006586272140862e-02
2.947013337036659061e-02
2.305174490501140858e-02
1.984764173113066563e-02
1.731828163410055119e-02
1.729522902390052616e-02
1.601781207939674198e-02
1.479111868759681522e-02
1.488808722331606132e-02
1.537693780044029415e-02
1.406756146200771954e-02
1.514796758520192167e-02
1.389529581727652792e-02
1.301114312533674551e-02
1.197420934150958925e-02
1.279157502897854473e-02
1.168001109156115332e-02
1.230087876319885254e-02
1.175152227796357265e-02
1.216044713710916388e-02
1.123919671979443750e-02
1.142812289040664141e-02
1.062814120588631388e-02
1.110614373766142735e-02
1.131372924508719686e-02
1.026390441532792734e-02
1.129947551365556406e-02
9.985193096358200779e-03
1.060695381000124199e-02
1.074387492804691757e-02
9.891054753599495125e-03
1.060077239727151739e-02
9.849004704376747646e-03
9.601553966259133988e-03
9.545134059314069538e-03
9.527597961754634762e-03
1.016569959706273632e-02
9.554114835015658017e-03
9.600959975143959560e-03
9.826119603781864262e-03
1.007212441543052853e-02
1.027050306057107794e-02
9.624729896413868752e-03
9.057178579527756443e-03
9.316645819565346279e-03
9.465369684942838077e-03
9.053572498518845310e-03
9.500014370885389442e-03
9.403267811084616012e-03
