1.019318679283405110e-01
5.448317527770996094e-02
3.280903553140574608e-02
2.303019885359139374e-02
1.894887151389286484e-02
1.668896449023279591e-02
1.580910230505055275e-02
1.576085953876889961e-02
1.456231700962987499e-02
1.581628260941340958e-02
1.512325837694365391e-02
1.568620163818885624e-02
1.473650439032192852e-02
1.378666018617564180e-02
1.420582162922826366e-02
1.238586162698679903e-02
1.229208091209674746e-02
1.105786294772707207e-02
1.101469993591308594e-02
1.177865266799926758e-02
1.165157967600329199e-02
1.093797437075910879e-02
1.064132205371198965e-02
1.048051591577201132e-02
1.075677008464418632e-02
1.018405782765355663e-02
1.090415387318052071e-02
9.826760867546344147e-03
1.011184577284188028e-02
9.198390204330971279e-03
9.181880745394476948e-03
9.656941068583521290e-03
1.021428354855241465e-02
9.852598453390187111e-03
9.776234626770019531e-03
9.705257826837999230e-03
8.780976821636331253e-03
9.643472474196860753e-03
8.977418315821680470e-03
8.937506840146821480e-03
8.781476267452898235e-03
8.692043608632581825e-03
8.271902799606323242e-03
9.356213027033311730e-03
8.791647080717415047e-03
9.407456578879520512e-03
8.821895410274636917e-03
8.952732743888065434e-03
8.713817801968804302e-03
